Current (probly going to change slightly)


p1x =

   -0.1679


p1y =

   -0.1138


p2x =

    0.1013


p2y =

    0.2379


p3x =

   -0.1447


p3y =

   -0.1242